300407,300406,300405,300404,603508,300573,300572,300570,603885,601928,601929,000048,000049,603887,000042,000043,000040,300549,000046,000045,603618,300546,603888,603611,603616,300545,002553,000019,300541,600896,000848,600883,002145,600064,000548,600469,600391,000727,000729,000728,002188,000837,600267,000833,600261,000830,600268,600269,000839,000838,000553,000619,000617,000616,000615,000613,000612,000611,000610,603519,603518,603515,300028,601933,300503,300501,300506,300507,300505,300508,300509,000059,000058,603601,603600,000050,000055,603609,603869,603868,603866,603861,300218,300219,300216,300217,300214,300215,300212,300213,300210,300211,603268,000821,000810,300322,300323,300320,300321,300326,300327,300324,300325,601018,600310,000062,002577,600721,600720,600723,600722,600725,600727,600726,600729,600728,600898,600251,601633,601636,600252,002128,600705,002118,002119,000826,002112,002113,002110,002111,002116,002117,002114,002115,300410,600099,600093,002283,002280,002281,600097,600096,002284,002285,601700,600658,600655,600654,600657,600651,600650,601258,600652,600075,600074,000530,600076,000536,000537,600073,600072,000538,000539,600079,600078,002026,002027,002756,002757,002750,002023,002753,002758,002759,002028,002029,600387,002597,002594,002595,002593,600381,600380,600389,600479,600478,600470,600475,600477,600476,000990,000993,000995,000996,000997,000998,000999,002620,002621,002622,002623,002624,002625,002626,002627,002628,600277,600278,000668,000669,000662,000663,000661,000666,000667,000665,600004,600555,600000,000065,000066,000060,000061,000063,000068,000069,603017,603678,000953,603818,300420,603816,300209,300208,300205,300204,300207,300206,300201,300200,300203,300202,603258,603703,603701,603928,300339,300338,300331,300330,300333,300332,300424,300334,300336,002088,000815,600698,601139,603027,601137,300025,300027,300026,300021,300020,300023,002081,300029,002569,002083,002563,002562,002561,002560,002567,002566,002565,002564,600711,002292,601718,000521,000529,002037,002746,002745,002585,002587,600448,000851,000850,000852,600289,000859,000858,600284,000671,000670,000673,000672,600767,603069,000676,300408,000860,000605,000509,000070,300525,600098,000503,000862,000502,000863,002152,002153,603936,000809,000955,600708,600879,600875,600874,600877,600876,600871,600706,600873,600872,600677,600676,600675,600674,600673,600671,600679,600678,000518,000519,600059,600058,600057,600056,000516,000517,600053,600052,600051,300024,000806,600236,000802,300022,600232,600231,600230,600299,000861,600293,600292,000939,000886,000887,000885,000883,000880,000881,000888,000889,600259,300168,600258,000088,000089,002717,600732,000010,600733,000971,600345,000979,600714,600867,600864,600865,600710,600863,600860,600861,600734,600848,600841,600843,600844,600845,600846,600847,000893,000892,600602,600603,600600,600601,600606,600604,600605,600608,600609,002592,000501,601519,000505,000504,001696,600118,600119,600116,600117,600115,600112,600113,600110,600111,002411,002568,000878,000877,000876,000652,000651,000650,000657,000656,000655,000659,000895,000890,000899,000898,

-------------
获取的时间不对
603218
------------------
获取的时间不对
603585
------------------
获取的时间不对
300582
------------------
获取的时间不对
002835
------------------
获取的时间不对
002831
------------------
获取的时间不对
002833
------------------
获取的时间不对
002832
------------------
获取的时间不对
603823
------------------
获取的时间不对
603929
------------------
获取的时间不对
603416
------------------
获取的时间不对
603389
------------------
获取的时间不对
603058
------------------
300111,
获取的时间不对
300577
------------------
获取的时间不对
300576
------------------
获取的时间不对
300575
------------------
获取的时间不对
300580
------------------
获取的时间不对
300581
------------------
获取的时间不对
600996
------------------
获取的时间不对
603886
------------------
获取的时间不对
603878
------------------
获取的时间不对
603239
------------------
获取的时间不对
300579
------------------
获取的时间不对
603298
------------------
获取的时间不对
601375
------------------
获取的时间不对
603098
------------------
获取的时间不对
603577
------------------
